,index,building,time,device_count,day_name,month,day,year,timestamp,traffic_diff,index_hour
0,19,UREC,00:00:01,0,Monday,9,27,2021,2021-09-27 00:00:01,0.0,0
1,26279,UREC,01:00:04,251,Monday,9,27,2021,2021-09-27 01:00:04,251.0,1
2,75695,UREC,02:00:19,403,Monday,9,27,2021,2021-09-27 02:00:19,152.0,2
3,117240,UREC,03:00:12,506,Monday,9,27,2021,2021-09-27 03:00:12,103.0,3
4,156515,UREC,04:00:09,573,Monday,9,27,2021,2021-09-27 04:00:09,67.0,4
5,195824,UREC,05:00:04,680,Monday,9,27,2021,2021-09-27 05:00:04,107.0,5
6,249534,UREC,06:00:00,1172,Monday,9,27,2021,2021-09-27 06:00:00,492.0,6
7,332798,UREC,07:00:02,3696,Monday,9,27,2021,2021-09-27 07:00:02,2524.0,7
8,574467,UREC,08:00:01,8316,Monday,9,27,2021,2021-09-27 08:00:01,4620.0,8
9,981453,UREC,09:00:00,14573,Monday,9,27,2021,2021-09-27 09:00:00,6257.0,9
10,1539681,UREC,10:00:00,22230,Monday,9,27,2021,2021-09-27 10:00:00,7657.0,10
11,2180861,UREC,11:00:00,30211,Monday,9,27,2021,2021-09-27 11:00:00,7981.0,11
12,2989937,UREC,12:00:00,40627,Monday,9,27,2021,2021-09-27 12:00:00,10416.0,12
13,3966059,UREC,13:00:00,52366,Monday,9,27,2021,2021-09-27 13:00:00,11739.0,13
14,4873942,UREC,14:00:00,63538,Monday,9,27,2021,2021-09-27 14:00:00,11172.0,14
15,5785562,UREC,15:00:00,76120,Monday,9,27,2021,2021-09-27 15:00:00,12582.0,15
16,6616293,UREC,16:00:00,89753,Monday,9,27,2021,2021-09-27 16:00:00,13633.0,16
17,7163674,UREC,17:00:00,101374,Monday,9,27,2021,2021-09-27 17:00:00,11621.0,17
18,7939811,UREC,18:00:00,116019,Monday,9,27,2021,2021-09-27 18:00:00,14645.0,18
19,8567380,UREC,19:00:00,129528,Monday,9,27,2021,2021-09-27 19:00:00,13509.0,19
20,9143473,UREC,20:00:00,145202,Monday,9,27,2021,2021-09-27 20:00:00,15674.0,20
21,9549813,UREC,21:00:00,159380,Monday,9,27,2021,2021-09-27 21:00:00,14178.0,21
22,9790249,UREC,22:00:00,170728,Monday,9,27,2021,2021-09-27 22:00:00,11348.0,22
23,9937820,UREC,23:00:00,176495,Monday,9,27,2021,2021-09-27 23:00:00,5767.0,23
0,1,Stu,00:00:00,1,Monday,9,27,2021,2021-09-27 00:00:00,0.0,0
1,26313,Stu,01:00:07,696,Monday,9,27,2021,2021-09-27 01:00:07,695.0,1
2,75443,Stu,02:00:03,1261,Monday,9,27,2021,2021-09-27 02:00:03,565.0,2
3,117184,Stu,03:00:06,1460,Monday,9,27,2021,2021-09-27 03:00:06,199.0,3
4,156478,Stu,04:00:07,1534,Monday,9,27,2021,2021-09-27 04:00:07,74.0,4
5,195863,Stu,05:00:07,1598,Monday,9,27,2021,2021-09-27 05:00:07,64.0,5
6,249531,Stu,06:00:00,2009,Monday,9,27,2021,2021-09-27 06:00:00,411.0,6
7,332779,Stu,07:00:01,3060,Monday,9,27,2021,2021-09-27 07:00:01,1051.0,7
8,574394,Stu,08:00:00,7726,Monday,9,27,2021,2021-09-27 08:00:00,4666.0,8
9,981376,Stu,09:00:00,15566,Monday,9,27,2021,2021-09-27 09:00:00,7840.0,9
10,1539860,Stu,10:00:00,26458,Monday,9,27,2021,2021-09-27 10:00:00,10892.0,10
11,2180616,Stu,11:00:00,40661,Monday,9,27,2021,2021-09-27 11:00:00,14203.0,11
12,2989854,Stu,12:00:00,60520,Monday,9,27,2021,2021-09-27 12:00:00,19859.0,12
13,3966095,Stu,13:00:00,84357,Monday,9,27,2021,2021-09-27 13:00:00,23837.0,13
14,4873986,Stu,14:00:00,107297,Monday,9,27,2021,2021-09-27 14:00:00,22940.0,14
15,5785671,Stu,15:00:00,129452,Monday,9,27,2021,2021-09-27 15:00:00,22155.0,15
16,6616263,Stu,16:00:00,150252,Monday,9,27,2021,2021-09-27 16:00:00,20800.0,16
17,7163664,Stu,17:00:00,162606,Monday,9,27,2021,2021-09-27 17:00:00,12354.0,17
18,7939877,Stu,18:00:00,181276,Monday,9,27,2021,2021-09-27 18:00:00,18670.0,18
19,8567207,Stu,19:00:00,194276,Monday,9,27,2021,2021-09-27 19:00:00,13000.0,19
20,9143447,Stu,20:00:00,206694,Monday,9,27,2021,2021-09-27 20:00:00,12418.0,20
21,9549794,Stu,21:00:00,216414,Monday,9,27,2021,2021-09-27 21:00:00,9720.0,21
22,9790269,Stu,22:00:01,221787,Monday,9,27,2021,2021-09-27 22:00:01,5373.0,22
23,9937829,Stu,23:00:00,224752,Monday,9,27,2021,2021-09-27 23:00:00,2965.0,23
0,26248,Atki,00:00:00,158,Monday,9,27,2021,2021-09-27 00:00:00,0.0,0
1,75407,Atki,01:00:00,241,Monday,9,27,2021,2021-09-27 01:00:00,83.0,1
2,75408,Atki,02:00:00,241,Monday,9,27,2021,2021-09-27 02:00:00,0.0,2
3,117102,Atki,03:00:00,264,Monday,9,27,2021,2021-09-27 03:00:00,23.0,3
4,156373,Atki,04:00:00,289,Monday,9,27,2021,2021-09-27 04:00:00,25.0,4
5,195780,Atki,05:00:00,293,Monday,9,27,2021,2021-09-27 05:00:00,4.0,5
6,249533,Atki,06:00:00,328,Monday,9,27,2021,2021-09-27 06:00:00,35.0,6
7,332764,Atki,07:00:00,383,Monday,9,27,2021,2021-09-27 07:00:00,55.0,7
8,981403,Atki,08:00:00,4253,Monday,9,27,2021,2021-09-27 08:00:00,3870.0,8
9,981536,Atki,09:00:00,4254,Monday,9,27,2021,2021-09-27 09:00:00,1.0,9
10,1539589,Atki,10:00:00,8970,Monday,9,27,2021,2021-09-27 10:00:00,4716.0,10
11,2180818,Atki,11:00:00,14840,Monday,9,27,2021,2021-09-27 11:00:00,5870.0,11
12,2989957,Atki,12:00:00,23087,Monday,9,27,2021,2021-09-27 12:00:00,8247.0,12
13,3966163,Atki,13:00:00,33799,Monday,9,27,2021,2021-09-27 13:00:00,10712.0,13
14,4874063,Atki,14:00:00,42489,Monday,9,27,2021,2021-09-27 14:00:00,8690.0,14
15,5785556,Atki,15:00:00,51212,Monday,9,27,2021,2021-09-27 15:00:00,8723.0,15
16,6616190,Atki,16:00:00,59184,Monday,9,27,2021,2021-09-27 16:00:00,7972.0,16
17,7163650,Atki,17:00:00,63233,Monday,9,27,2021,2021-09-27 17:00:00,4049.0,17
18,7939818,Atki,18:00:00,69630,Monday,9,27,2021,2021-09-27 18:00:00,6397.0,18
19,8567377,Atki,19:00:00,73603,Monday,9,27,2021,2021-09-27 19:00:00,3973.0,19
20,9143440,Atki,20:00:00,76138,Monday,9,27,2021,2021-09-27 20:00:00,2535.0,20
21,9549829,Atki,21:00:00,77715,Monday,9,27,2021,2021-09-27 21:00:00,1577.0,21
22,9937775,Atki,22:00:00,78797,Monday,9,27,2021,2021-09-27 22:00:00,1082.0,22
23,9937830,Atki,23:00:00,78797,Monday,9,27,2021,2021-09-27 23:00:00,0.0,23
0,243,Wood,00:00:29,0,Monday,9,27,2021,2021-09-27 00:00:29,0.0,0
1,26761,Wood,01:00:38,141,Monday,9,27,2021,2021-09-27 01:00:38,141.0,1
2,76143,Wood,02:00:52,261,Monday,9,27,2021,2021-09-27 02:00:52,120.0,2
3,117776,Wood,03:01:01,369,Monday,9,27,2021,2021-09-27 03:01:01,108.0,3
4,156381,Wood,04:00:01,518,Monday,9,27,2021,2021-09-27 04:00:01,149.0,4
5,195862,Wood,05:00:06,665,Monday,9,27,2021,2021-09-27 05:00:06,147.0,5
6,249976,Wood,06:00:18,1079,Monday,9,27,2021,2021-09-27 06:00:18,414.0,6
7,332772,Wood,07:00:01,1612,Monday,9,27,2021,2021-09-27 07:00:01,533.0,7
8,574401,Wood,08:00:00,3924,Monday,9,27,2021,2021-09-27 08:00:00,2312.0,8
9,981491,Wood,09:00:00,8967,Monday,9,27,2021,2021-09-27 09:00:00,5043.0,9
10,1539724,Wood,10:00:00,15712,Monday,9,27,2021,2021-09-27 10:00:00,6745.0,10
11,2180901,Wood,11:00:00,22294,Monday,9,27,2021,2021-09-27 11:00:00,6582.0,11
12,2989950,Wood,12:00:00,31846,Monday,9,27,2021,2021-09-27 12:00:00,9552.0,12
13,3966115,Wood,13:00:00,44066,Monday,9,27,2021,2021-09-27 13:00:00,12220.0,13
14,4874039,Wood,14:00:00,55119,Monday,9,27,2021,2021-09-27 14:00:00,11053.0,14
15,5785666,Wood,15:00:00,66424,Monday,9,27,2021,2021-09-27 15:00:00,11305.0,15
16,6616237,Wood,16:00:00,75515,Monday,9,27,2021,2021-09-27 16:00:00,9091.0,16
17,7163655,Wood,17:00:00,79847,Monday,9,27,2021,2021-09-27 17:00:00,4332.0,17
18,7939758,Wood,18:00:00,85488,Monday,9,27,2021,2021-09-27 18:00:00,5641.0,18
19,8567348,Wood,19:00:00,90280,Monday,9,27,2021,2021-09-27 19:00:00,4792.0,19
20,9143481,Wood,20:00:00,93138,Monday,9,27,2021,2021-09-27 20:00:00,2858.0,20
21,9549786,Wood,21:00:00,94811,Monday,9,27,2021,2021-09-27 21:00:00,1673.0,21
22,9790362,Wood,22:00:03,96357,Monday,9,27,2021,2021-09-27 22:00:03,1546.0,22
23,9937985,Wood,23:00:05,96861,Monday,9,27,2021,2021-09-27 23:00:05,504.0,23
0,88,SVDH,00:00:09,1,Monday,9,27,2021,2021-09-27 00:00:09,0.0,0
1,26606,SVDH,01:00:26,288,Monday,9,27,2021,2021-09-27 01:00:26,287.0,1
2,76250,SVDH,02:00:59,409,Monday,9,27,2021,2021-09-27 02:00:59,121.0,2
3,117583,SVDH,03:00:42,432,Monday,9,27,2021,2021-09-27 03:00:42,23.0,3
4,159018,SVDH,04:04:01,464,Monday,9,27,2021,2021-09-27 04:04:01,32.0,4
5,198306,SVDH,05:03:38,474,Monday,9,27,2021,2021-09-27 05:03:38,10.0,5
6,250343,SVDH,06:00:33,551,Monday,9,27,2021,2021-09-27 06:00:33,77.0,6
7,333557,SVDH,07:00:23,740,Monday,9,27,2021,2021-09-27 07:00:23,189.0,7
8,574856,SVDH,08:00:05,2823,Monday,9,27,2021,2021-09-27 08:00:05,2083.0,8
9,981379,SVDH,09:00:00,6084,Monday,9,27,2021,2021-09-27 09:00:00,3261.0,9
10,1539680,SVDH,10:00:00,11793,Monday,9,27,2021,2021-09-27 10:00:00,5709.0,10
11,2181404,SVDH,11:00:01,18098,Monday,9,27,2021,2021-09-27 11:00:01,6305.0,11
12,2989986,SVDH,12:00:00,24451,Monday,9,27,2021,2021-09-27 12:00:00,6353.0,12
13,3966188,SVDH,13:00:00,35641,Monday,9,27,2021,2021-09-27 13:00:00,11190.0,13
14,4873912,SVDH,14:00:00,44534,Monday,9,27,2021,2021-09-27 14:00:00,8893.0,14
15,5785665,SVDH,15:00:00,51350,Monday,9,27,2021,2021-09-27 15:00:00,6816.0,15
16,6616228,SVDH,16:00:00,54779,Monday,9,27,2021,2021-09-27 16:00:00,3429.0,16
17,7164613,SVDH,17:00:08,57655,Monday,9,27,2021,2021-09-27 17:00:08,2876.0,17
18,7939750,SVDH,18:00:00,68881,Monday,9,27,2021,2021-09-27 18:00:00,11226.0,18
19,8567346,SVDH,19:00:00,83024,Monday,9,27,2021,2021-09-27 19:00:00,14143.0,19
20,9143430,SVDH,20:00:00,99844,Monday,9,27,2021,2021-09-27 20:00:00,16820.0,20
21,9549763,SVDH,21:00:00,105329,Monday,9,27,2021,2021-09-27 21:00:00,5485.0,21
22,9790338,SVDH,22:00:02,106372,Monday,9,27,2021,2021-09-27 22:00:02,1043.0,22
23,9937909,SVDH,23:00:02,106885,Monday,9,27,2021,2021-09-27 23:00:02,513.0,23
0,774,Pros,00:01:12,1,Monday,9,27,2021,2021-09-27 00:01:12,0.0,0
1,26652,Pros,01:00:30,23,Monday,9,27,2021,2021-09-27 01:00:30,22.0,1
2,76643,Pros,02:01:30,55,Monday,9,27,2021,2021-09-27 02:01:30,32.0,2
3,118418,Pros,03:01:55,105,Monday,9,27,2021,2021-09-27 03:01:55,50.0,3
4,156434,Pros,04:00:04,201,Monday,9,27,2021,2021-09-27 04:00:04,96.0,4
5,196259,Pros,05:00:41,266,Monday,9,27,2021,2021-09-27 05:00:41,65.0,5
6,252032,Pros,06:01:43,309,Monday,9,27,2021,2021-09-27 06:01:43,43.0,6
7,333016,Pros,07:00:07,392,Monday,9,27,2021,2021-09-27 07:00:07,83.0,7
8,574347,Pros,08:00:00,946,Monday,9,27,2021,2021-09-27 08:00:00,554.0,8
9,981543,Pros,09:00:00,2828,Monday,9,27,2021,2021-09-27 09:00:00,1882.0,9
10,1539870,Pros,10:00:00,6406,Monday,9,27,2021,2021-09-27 10:00:00,3578.0,10
11,2180815,Pros,11:00:00,11435,Monday,9,27,2021,2021-09-27 11:00:00,5029.0,11
12,2989871,Pros,12:00:00,18995,Monday,9,27,2021,2021-09-27 12:00:00,7560.0,12
13,3966134,Pros,13:00:00,29026,Monday,9,27,2021,2021-09-27 13:00:00,10031.0,13
14,4874191,Pros,14:00:01,37806,Monday,9,27,2021,2021-09-27 14:00:01,8780.0,14
15,5785579,Pros,15:00:00,45601,Monday,9,27,2021,2021-09-27 15:00:00,7795.0,15
16,6616207,Pros,16:00:00,52814,Monday,9,27,2021,2021-09-27 16:00:00,7213.0,16
17,7163568,Pros,17:00:00,57149,Monday,9,27,2021,2021-09-27 17:00:00,4335.0,17
18,7939800,Pros,18:00:00,61950,Monday,9,27,2021,2021-09-27 18:00:00,4801.0,18
19,8569008,Pros,19:00:09,63934,Monday,9,27,2021,2021-09-27 19:00:09,1984.0,19
20,9147734,Pros,20:00:29,64407,Monday,9,27,2021,2021-09-27 20:00:29,473.0,20
21,9549807,Pros,21:00:00,64717,Monday,9,27,2021,2021-09-27 21:00:00,310.0,21
22,9802872,Pros,22:03:49,64857,Monday,9,27,2021,2021-09-27 22:03:49,140.0,22
23,9949482,Pros,23:04:20,64898,Monday,9,27,2021,2021-09-27 23:04:20,41.0,23
