,index,building,time,device_count,day_name,month,day,year,timestamp,traffic_diff,index_hour
0,16,UREC,00:00:01,1,Tuesday,9,14,2021,2021-09-14 00:00:01,0.0,0
1,41958,UREC,01:01:09,212,Tuesday,9,14,2021,2021-09-14 01:01:09,211.0,1
2,97453,UREC,02:00:14,376,Tuesday,9,14,2021,2021-09-14 02:00:14,164.0,2
3,145721,UREC,03:05:58,410,Tuesday,9,14,2021,2021-09-14 03:05:58,34.0,3
4,184387,UREC,04:00:37,453,Tuesday,9,14,2021,2021-09-14 04:00:37,43.0,4
5,229122,UREC,05:00:05,524,Tuesday,9,14,2021,2021-09-14 05:00:05,71.0,5
6,285273,UREC,06:00:00,996,Tuesday,9,14,2021,2021-09-14 06:00:00,472.0,6
7,377284,UREC,07:00:00,3697,Tuesday,9,14,2021,2021-09-14 07:00:00,2701.0,7
8,590310,UREC,08:00:00,8870,Tuesday,9,14,2021,2021-09-14 08:00:00,5173.0,8
9,1068527,UREC,09:00:01,15724,Tuesday,9,14,2021,2021-09-14 09:00:01,6854.0,9
10,1889601,UREC,10:00:00,24494,Tuesday,9,14,2021,2021-09-14 10:00:00,8770.0,10
11,2482175,UREC,11:00:00,31380,Tuesday,9,14,2021,2021-09-14 11:00:00,6886.0,11
12,3576273,UREC,12:00:00,43080,Tuesday,9,14,2021,2021-09-14 12:00:00,11700.0,12
13,4708990,UREC,13:00:00,55209,Tuesday,9,14,2021,2021-09-14 13:00:00,12129.0,13
14,5475587,UREC,14:00:00,65094,Tuesday,9,14,2021,2021-09-14 14:00:00,9885.0,14
15,6601256,UREC,15:00:00,77868,Tuesday,9,14,2021,2021-09-14 15:00:00,12774.0,15
16,7552966,UREC,16:00:00,90370,Tuesday,9,14,2021,2021-09-14 16:00:00,12502.0,16
17,8152235,UREC,17:00:00,101436,Tuesday,9,14,2021,2021-09-14 17:00:00,11066.0,17
18,8950397,UREC,18:00:00,115004,Tuesday,9,14,2021,2021-09-14 18:00:00,13568.0,18
19,9583267,UREC,19:00:00,127944,Tuesday,9,14,2021,2021-09-14 19:00:00,12940.0,19
20,10146888,UREC,20:00:00,140641,Tuesday,9,14,2021,2021-09-14 20:00:00,12697.0,20
21,10595194,UREC,21:00:00,155093,Tuesday,9,14,2021,2021-09-14 21:00:00,14452.0,21
22,10855501,UREC,22:00:00,166769,Tuesday,9,14,2021,2021-09-14 22:00:00,11676.0,22
23,11018333,UREC,23:00:00,172802,Tuesday,9,14,2021,2021-09-14 23:00:00,6033.0,23
0,15,Stu,00:00:01,0,Tuesday,9,14,2021,2021-09-14 00:00:01,0.0,0
1,40823,Stu,01:00:01,1106,Tuesday,9,14,2021,2021-09-14 01:00:01,1106.0,1
2,97465,Stu,02:00:14,1938,Tuesday,9,14,2021,2021-09-14 02:00:14,832.0,2
3,141382,Stu,03:00:08,2257,Tuesday,9,14,2021,2021-09-14 03:00:08,319.0,3
4,184115,Stu,04:00:09,2459,Tuesday,9,14,2021,2021-09-14 04:00:09,202.0,4
5,229041,Stu,05:00:00,2865,Tuesday,9,14,2021,2021-09-14 05:00:00,406.0,5
6,285271,Stu,06:00:00,3435,Tuesday,9,14,2021,2021-09-14 06:00:00,570.0,6
7,377282,Stu,07:00:00,4396,Tuesday,9,14,2021,2021-09-14 07:00:00,961.0,7
8,590367,Stu,08:00:00,8582,Tuesday,9,14,2021,2021-09-14 08:00:00,4186.0,8
9,1068462,Stu,09:00:00,18902,Tuesday,9,14,2021,2021-09-14 09:00:00,10320.0,9
10,1889517,Stu,10:00:00,37036,Tuesday,9,14,2021,2021-09-14 10:00:00,18134.0,10
11,2482425,Stu,11:00:00,49869,Tuesday,9,14,2021,2021-09-14 11:00:00,12833.0,11
12,3576252,Stu,12:00:00,73423,Tuesday,9,14,2021,2021-09-14 12:00:00,23554.0,12
13,4709227,Stu,13:00:00,98927,Tuesday,9,14,2021,2021-09-14 13:00:00,25504.0,13
14,5475720,Stu,14:00:00,117165,Tuesday,9,14,2021,2021-09-14 14:00:00,18238.0,14
15,6601303,Stu,15:00:00,142957,Tuesday,9,14,2021,2021-09-14 15:00:00,25792.0,15
16,7552828,Stu,16:00:00,164875,Tuesday,9,14,2021,2021-09-14 16:00:00,21918.0,16
17,8152307,Stu,17:00:00,180016,Tuesday,9,14,2021,2021-09-14 17:00:00,15141.0,17
18,8950412,Stu,18:00:00,198845,Tuesday,9,14,2021,2021-09-14 18:00:00,18829.0,18
19,9583349,Stu,19:00:00,211990,Tuesday,9,14,2021,2021-09-14 19:00:00,13145.0,19
20,10146998,Stu,20:00:00,224975,Tuesday,9,14,2021,2021-09-14 20:00:00,12985.0,20
21,10595147,Stu,21:00:00,236475,Tuesday,9,14,2021,2021-09-14 21:00:00,11500.0,21
22,10855541,Stu,22:00:01,242044,Tuesday,9,14,2021,2021-09-14 22:00:01,5569.0,22
23,11018336,Stu,23:00:00,245052,Tuesday,9,14,2021,2021-09-14 23:00:00,3008.0,23
0,0,Atki,00:00:00,0,Tuesday,9,14,2021,2021-09-14 00:00:00,0.0,0
1,40802,Atki,01:00:00,270,Tuesday,9,14,2021,2021-09-14 01:00:00,270.0,1
2,97338,Atki,02:00:00,403,Tuesday,9,14,2021,2021-09-14 02:00:00,133.0,2
3,141262,Atki,03:00:00,432,Tuesday,9,14,2021,2021-09-14 03:00:00,29.0,3
4,184009,Atki,04:00:00,447,Tuesday,9,14,2021,2021-09-14 04:00:00,15.0,4
5,229051,Atki,05:00:00,455,Tuesday,9,14,2021,2021-09-14 05:00:00,8.0,5
6,285267,Atki,06:00:00,522,Tuesday,9,14,2021,2021-09-14 06:00:00,67.0,6
7,590330,Atki,07:00:00,1328,Tuesday,9,14,2021,2021-09-14 07:00:00,806.0,7
8,590375,Atki,08:00:00,1328,Tuesday,9,14,2021,2021-09-14 08:00:00,0.0,8
9,1068453,Atki,09:00:00,4526,Tuesday,9,14,2021,2021-09-14 09:00:00,3198.0,9
10,1889522,Atki,10:00:00,13029,Tuesday,9,14,2021,2021-09-14 10:00:00,8503.0,10
11,2482308,Atki,11:00:00,17736,Tuesday,9,14,2021,2021-09-14 11:00:00,4707.0,11
12,3576293,Atki,12:00:00,30237,Tuesday,9,14,2021,2021-09-14 12:00:00,12501.0,12
13,4709307,Atki,13:00:00,43786,Tuesday,9,14,2021,2021-09-14 13:00:00,13549.0,13
14,5475603,Atki,14:00:00,50399,Tuesday,9,14,2021,2021-09-14 14:00:00,6613.0,14
15,6601323,Atki,15:00:00,62582,Tuesday,9,14,2021,2021-09-14 15:00:00,12183.0,15
16,7552891,Atki,16:00:00,72843,Tuesday,9,14,2021,2021-09-14 16:00:00,10261.0,16
17,8152196,Atki,17:00:00,77125,Tuesday,9,14,2021,2021-09-14 17:00:00,4282.0,17
18,8950411,Atki,18:00:00,83143,Tuesday,9,14,2021,2021-09-14 18:00:00,6018.0,18
19,9583271,Atki,19:00:00,86620,Tuesday,9,14,2021,2021-09-14 19:00:00,3477.0,19
20,10146963,Atki,20:00:00,89009,Tuesday,9,14,2021,2021-09-14 20:00:00,2389.0,20
21,10595183,Atki,21:00:00,91332,Tuesday,9,14,2021,2021-09-14 21:00:00,2323.0,21
22,10855500,Atki,22:00:00,92497,Tuesday,9,14,2021,2021-09-14 22:00:00,1165.0,22
23,11018340,Atki,23:00:00,93091,Tuesday,9,14,2021,2021-09-14 23:00:00,594.0,23
0,29,Wood,00:00:02,1,Tuesday,9,14,2021,2021-09-14 00:00:02,0.0,0
1,40884,Wood,01:00:04,426,Tuesday,9,14,2021,2021-09-14 01:00:04,425.0,1
2,97351,Wood,02:00:02,683,Tuesday,9,14,2021,2021-09-14 02:00:02,257.0,2
3,141256,Wood,03:00:00,977,Tuesday,9,14,2021,2021-09-14 03:00:00,294.0,3
4,184096,Wood,04:00:06,1379,Tuesday,9,14,2021,2021-09-14 04:00:06,402.0,4
5,229037,Wood,05:00:00,1723,Tuesday,9,14,2021,2021-09-14 05:00:00,344.0,5
6,285366,Wood,06:00:04,2254,Tuesday,9,14,2021,2021-09-14 06:00:04,531.0,6
7,377374,Wood,07:00:01,2810,Tuesday,9,14,2021,2021-09-14 07:00:01,556.0,7
8,590389,Wood,08:00:00,4362,Tuesday,9,14,2021,2021-09-14 08:00:00,1552.0,8
9,1068469,Wood,09:00:00,10252,Tuesday,9,14,2021,2021-09-14 09:00:00,5890.0,9
10,1889632,Wood,10:00:00,22475,Tuesday,9,14,2021,2021-09-14 10:00:00,12223.0,10
11,2482436,Wood,11:00:00,29963,Tuesday,9,14,2021,2021-09-14 11:00:00,7488.0,11
12,3576379,Wood,12:00:00,45479,Tuesday,9,14,2021,2021-09-14 12:00:00,15516.0,12
13,4709358,Wood,13:00:00,61630,Tuesday,9,14,2021,2021-09-14 13:00:00,16151.0,13
14,5475644,Wood,14:00:00,68697,Tuesday,9,14,2021,2021-09-14 14:00:00,7067.0,14
15,6601269,Wood,15:00:00,85940,Tuesday,9,14,2021,2021-09-14 15:00:00,17243.0,15
16,7552930,Wood,16:00:00,99297,Tuesday,9,14,2021,2021-09-14 16:00:00,13357.0,16
17,8152365,Wood,17:00:00,106317,Tuesday,9,14,2021,2021-09-14 17:00:00,7020.0,17
18,8950389,Wood,18:00:00,114751,Tuesday,9,14,2021,2021-09-14 18:00:00,8434.0,18
19,9583366,Wood,19:00:00,120737,Tuesday,9,14,2021,2021-09-14 19:00:00,5986.0,19
20,10147024,Wood,20:00:01,124790,Tuesday,9,14,2021,2021-09-14 20:00:01,4053.0,20
21,10595179,Wood,21:00:00,127883,Tuesday,9,14,2021,2021-09-14 21:00:00,3093.0,21
22,10855662,Wood,22:00:03,129316,Tuesday,9,14,2021,2021-09-14 22:00:03,1433.0,22
23,11018386,Wood,23:00:01,129954,Tuesday,9,14,2021,2021-09-14 23:00:01,638.0,23
0,260,SVDH,00:00:19,1,Tuesday,9,14,2021,2021-09-14 00:00:19,0.0,0
1,40888,SVDH,01:00:04,413,Tuesday,9,14,2021,2021-09-14 01:00:04,412.0,1
2,104099,SVDH,02:08:07,558,Tuesday,9,14,2021,2021-09-14 02:08:07,145.0,2
3,143518,SVDH,03:03:21,585,Tuesday,9,14,2021,2021-09-14 03:03:21,27.0,3
4,184171,SVDH,04:00:14,606,Tuesday,9,14,2021,2021-09-14 04:00:14,21.0,4
5,240686,SVDH,05:14:37,615,Tuesday,9,14,2021,2021-09-14 05:14:37,9.0,5
6,285361,SVDH,06:00:04,728,Tuesday,9,14,2021,2021-09-14 06:00:04,113.0,6
7,377631,SVDH,07:00:08,1045,Tuesday,9,14,2021,2021-09-14 07:00:08,317.0,7
8,590346,SVDH,08:00:00,3064,Tuesday,9,14,2021,2021-09-14 08:00:00,2019.0,8
9,1068499,SVDH,09:00:00,6763,Tuesday,9,14,2021,2021-09-14 09:00:00,3699.0,9
10,1889577,SVDH,10:00:00,13525,Tuesday,9,14,2021,2021-09-14 10:00:00,6762.0,10
11,2482386,SVDH,11:00:00,18837,Tuesday,9,14,2021,2021-09-14 11:00:00,5312.0,11
12,3576269,SVDH,12:00:00,27698,Tuesday,9,14,2021,2021-09-14 12:00:00,8861.0,12
13,4709311,SVDH,13:00:00,38193,Tuesday,9,14,2021,2021-09-14 13:00:00,10495.0,13
14,5475722,SVDH,14:00:00,47956,Tuesday,9,14,2021,2021-09-14 14:00:00,9763.0,14
15,6601311,SVDH,15:00:00,55371,Tuesday,9,14,2021,2021-09-14 15:00:00,7415.0,15
16,7552920,SVDH,16:00:00,58703,Tuesday,9,14,2021,2021-09-14 16:00:00,3332.0,16
17,8152347,SVDH,17:00:00,61249,Tuesday,9,14,2021,2021-09-14 17:00:00,2546.0,17
18,8950405,SVDH,18:00:00,74257,Tuesday,9,14,2021,2021-09-14 18:00:00,13008.0,18
19,9583376,SVDH,19:00:00,90720,Tuesday,9,14,2021,2021-09-14 19:00:00,16463.0,19
20,10146971,SVDH,20:00:00,107316,Tuesday,9,14,2021,2021-09-14 20:00:00,16596.0,20
21,10595240,SVDH,21:00:01,112622,Tuesday,9,14,2021,2021-09-14 21:00:01,5306.0,21
22,10855692,SVDH,22:00:04,113703,Tuesday,9,14,2021,2021-09-14 22:00:04,1081.0,22
23,11018838,SVDH,23:00:13,114437,Tuesday,9,14,2021,2021-09-14 23:00:13,734.0,23
0,58,Pros,00:00:06,1,Tuesday,9,14,2021,2021-09-14 00:00:06,0.0,0
1,41093,Pros,01:00:18,31,Tuesday,9,14,2021,2021-09-14 01:00:18,30.0,1
2,99115,Pros,02:02:17,91,Tuesday,9,14,2021,2021-09-14 02:02:17,60.0,2
3,141624,Pros,03:00:31,125,Tuesday,9,14,2021,2021-09-14 03:00:31,34.0,3
4,184474,Pros,04:00:42,194,Tuesday,9,14,2021,2021-09-14 04:00:42,69.0,4
5,229419,Pros,05:00:28,240,Tuesday,9,14,2021,2021-09-14 05:00:28,46.0,5
6,285321,Pros,06:00:01,318,Tuesday,9,14,2021,2021-09-14 06:00:01,78.0,6
7,377536,Pros,07:00:04,487,Tuesday,9,14,2021,2021-09-14 07:00:04,169.0,7
8,590321,Pros,08:00:00,869,Tuesday,9,14,2021,2021-09-14 08:00:00,382.0,8
9,1069002,Pros,09:00:05,2691,Tuesday,9,14,2021,2021-09-14 09:00:05,1822.0,9
10,1889495,Pros,10:00:00,8279,Tuesday,9,14,2021,2021-09-14 10:00:00,5588.0,10
11,2482160,Pros,11:00:00,12518,Tuesday,9,14,2021,2021-09-14 11:00:00,4239.0,11
12,3576423,Pros,12:00:00,25106,Tuesday,9,14,2021,2021-09-14 12:00:00,12588.0,12
13,4708974,Pros,13:00:00,38313,Tuesday,9,14,2021,2021-09-14 13:00:00,13207.0,13
14,5475761,Pros,14:00:00,46672,Tuesday,9,14,2021,2021-09-14 14:00:00,8359.0,14
15,6601342,Pros,15:00:00,58946,Tuesday,9,14,2021,2021-09-14 15:00:00,12274.0,15
16,7552850,Pros,16:00:00,68385,Tuesday,9,14,2021,2021-09-14 16:00:00,9439.0,16
17,8152286,Pros,17:00:00,73550,Tuesday,9,14,2021,2021-09-14 17:00:00,5165.0,17
18,8950386,Pros,18:00:00,77712,Tuesday,9,14,2021,2021-09-14 18:00:00,4162.0,18
19,9583313,Pros,19:00:00,79619,Tuesday,9,14,2021,2021-09-14 19:00:00,1907.0,19
20,10147139,Pros,20:00:01,80187,Tuesday,9,14,2021,2021-09-14 20:00:01,568.0,20
21,10597438,Pros,21:00:25,80456,Tuesday,9,14,2021,2021-09-14 21:00:25,269.0,21
22,10855599,Pros,22:00:02,80530,Tuesday,9,14,2021,2021-09-14 22:00:02,74.0,22
23,11021735,Pros,23:01:16,80579,Tuesday,9,14,2021,2021-09-14 23:01:16,49.0,23
